<?xml version="1.0" encoding="UTF-8" standalone="no" ?>
<COLLADA version="1.4.1" xmlns="http://www.collada.org/2005/11/COLLADASchema">

  <asset>
    <created>2019-02-04T19:51:51</created>
    <modified>2019-02-04T19:51:51</modified>
    <unit meter="1" name="Meters"/>
    <up_axis>Z_UP</up_axis>
  </asset>

  <library_visual_scenes>
    <visual_scene id="ID1">
      <node id="ID2" name="5c5897d6e85f5e15e4777ec6">
        <node>
          <matrix>0.0762987 -1.50451e-18 -0.997085 0.0309903 -0.498543 0.866025 -0.0381494 0.0111068 0.863501 0.5 0.0660766 -0.0102376 0 0 0 1</matrix>
          <instance_node url="#ID3"/>
        </node>
        <node>
          <matrix>0.412721 6.0676e-18 -0.910858 0.00397024 -0.455429 0.866025 -0.20636 0.0126695 0.788826 0.5 0.357426 -0.0129442 0 0 0 1</matrix>
          <instance_node url="#ID3"/>
        </node>
        <node>
          <matrix>0.699362 1.31004e-18 -0.714768 -0.0438022 -0.357384 -0.866025 -0.349681 0.00720225 -0.619007 0.5 -0.605665 0.0198747 0 0 0 1</matrix>
          <instance_node url="#ID12"/>
        </node>
        <node>
          <matrix>0.0762987 -1.50451e-18 -0.997085 0.0271151 -0.498543 0.866025 -0.0381494 0.0020129 0.863501 0.5 0.0660766 0.00551355 0 0 0 1</matrix>
          <instance_node url="#ID21"/>
        </node>
        <node>
          <matrix>0.412721 3.88915e-18 -0.910858 -0.029414 0.910858 4.66375e-17 0.412721 -0.0156459 7.42162e-17 -1 -7.44953e-19 0.0037 0 0 0 1</matrix>
          <instance_node url="#ID28"/>
        </node>
        <node>
          <matrix>0.412721 6.0676e-18 -0.910858 0.00397024 -0.455429 -0.866025 -0.20636 0.00487528 -0.788826 0.5 -0.357426 0.0174442 0 0 0 1</matrix>
          <instance_node url="#ID3"/>
        </node>
        <node>
          <matrix>0.699362 1.31004e-18 -0.714768 -0.0438022 -0.357384 0.866025 -0.349681 0.0136108 0.619007 0.5 0.605665 -0.0161747 0 0 0 1</matrix>
          <instance_node url="#ID12"/>
        </node>
        <node>
          <matrix>0.699362 1.31004e-18 -0.714768 -0.0438022 0.714768 2.42925e-17 0.699362 -0.0208131 1.87087e-17 -1 -7.44952e-19 -0.0037 0 0 0 1</matrix>
          <instance_node url="#ID12"/>
        </node>
        <node>
          <matrix>0.412721 3.88915e-18 -0.910858 -0.029414 -0.455429 0.866025 -0.20636 0.00461865 0.788826 0.5 0.357426 -0.0153997 0 0 0 1</matrix>
          <instance_node url="#ID28"/>
        </node>
        <node>
          <matrix>0.412721 3.88915e-18 -0.910858 -0.029414 0.910858 4.66375e-17 0.412721 -0.0156459 7.42162e-17 -1 -7.44954e-19 -0.0045 0 0 0 1</matrix>
          <instance_node url="#ID28"/>
        </node>
        <node>
          <matrix>0.412721 6.0676e-18 -0.910858 -0.00434142 -0.455429 -0.866025 -0.20636 0.00784275 -0.788826 0.5 -0.357426 0.022584 0 0 0 1</matrix>
          <instance_node url="#ID3"/>
        </node>
        <node>
          <matrix>0.412721 3.88915e-18 -0.910858 -0.029414 -0.455429 0.866025 -0.20636 0.0117201 0.788826 0.5 0.357426 -0.0112997 0 0 0 1</matrix>
          <instance_node url="#ID28"/>
        </node>
        <node>
          <matrix>0.412721 3.88915e-18 -0.910858 -0.029414 -0.455429 -0.866025 -0.20636 0.0110272 -0.788826 0.5 -0.357426 0.0116997 0 0 0 1</matrix>
          <instance_node url="#ID28"/>
        </node>
        <node>
          <matrix>0.699362 1.31004e-18 -0.714768 -0.0438022 0.714768 2.42925e-17 0.699362 -0.0208131 1.87087e-17 -1 -7.44951e-19 0.0027 0 0 0 1</matrix>
          <instance_node url="#ID12"/>
        </node>
        <node>
          <matrix>0.412721 6.0676e-18 -0.910858 -0.00434142 -0.455429 0.866025 -0.20636 0.015637 0.788826 0.5 0.357426 -0.018084 0 0 0 1</matrix>
          <instance_node url="#ID3"/>
        </node>
        <node>
          <matrix>0.0762987 -1.50451e-18 -0.997085 0.0271151 0.997085 -1.33922e-19 0.0762987 0.00376842 2.48324e-19 -1 -1.48991e-18 -0.0045 0 0 0 1</matrix>
          <instance_node url="#ID21"/>
        </node>
        <node>
          <matrix>0.0762987 -1.50451e-18 -0.997085 0.0271151 0.997085 -1.33922e-19 0.0762987 0.00376842 2.48324e-19 -1 -1.48991e-18 -0.0045 0 0 0 1</matrix>
          <instance_node url="#ID3"/>
        </node>
        <node>
          <matrix>0.412721 6.0676e-18 -0.910858 -0.00434142 0.910858 4.58086e-17 0.412721 -0.0234797 7.42844e-17 -1 -2.50753e-18 -0.0045 0 0 0 1</matrix>
          <instance_node url="#ID3"/>
        </node>
        <node>
          <matrix>0.699362 1.31004e-18 -0.714768 -0.0438022 -0.357384 -0.866025 -0.349681 0.0127448 -0.619007 0.5 -0.605665 0.0166747 0 0 0 1</matrix>
          <instance_node url="#ID12"/>
        </node>
        <node>
          <matrix>1 0 0 0 0 1 0 0 0 0 1 0 0 0 0 1</matrix>
          <instance_node url="#ID35"/>
        </node>
        <node>
          <matrix>0.412721 3.88915e-18 -0.910858 -0.029414 -0.455429 -0.866025 -0.20636 0.00392583 -0.788826 0.5 -0.357426 0.0157997 0 0 0 1</matrix>
          <instance_node url="#ID28"/>
        </node>
        <node>
          <matrix>0.412721 6.0676e-18 -0.910858 0.00397024 0.910858 4.58086e-17 0.412721 -0.0175448 7.42844e-17 -1 -2.50753e-18 -0.0045 0 0 0 1</matrix>
          <instance_node url="#ID3"/>
        </node>
        <node>
          <matrix>0.0762987 -1.50451e-18 -0.997085 0.0309903 0.997085 -1.33922e-19 0.0762987 -0.0144195 2.48324e-19 -1 -1.48991e-18 -0.0045 0 0 0 1</matrix>
          <instance_node url="#ID3"/>
        </node>
        <node>
          <matrix>0.0762987 -1.50451e-18 -0.997085 0.0271151 -0.498543 -0.866025 -0.0381494 -0.00578132 -0.863501 0.5 -0.0660766 -0.00101355 0 0 0 1</matrix>
          <instance_node url="#ID3"/>
        </node>
        <node>
          <matrix>0.699362 1.31004e-18 -0.714768 -0.0438022 -0.357384 0.866025 -0.349681 0.00806827 0.619007 0.5 0.605665 -0.0193747 0 0 0 1</matrix>
          <instance_node url="#ID12"/>
        </node>
        <node>
          <matrix>0.0762987 -1.50451e-18 -0.997085 0.0271151 -0.498543 0.866025 -0.0381494 0.0020129 0.863501 0.5 0.0660766 0.00551355 0 0 0 1</matrix>
          <instance_node url="#ID3"/>
        </node>
        <node>
          <matrix>0.0762987 -1.50451e-18 -0.997085 0.0309903 -0.498543 -0.866025 -0.0381494 0.00331261 -0.863501 0.5 -0.0660766 0.0147376 0 0 0 1</matrix>
          <instance_node url="#ID3"/>
        </node>
        <node>
          <matrix>0.0762987 -1.50451e-18 -0.997085 0.0271151 -0.498543 -0.866025 -0.0381494 -0.00578132 -0.863501 0.5 -0.0660766 -0.00101355 0 0 0 1</matrix>
          <instance_node url="#ID21"/>
        </node>
      </node>
    </visual_scene>
  </library_visual_scenes>

  <library_geometries>
    <geometry id="ID4">
      <mesh>
        <source id="ID5">
          <float_array count="828" id="ID6">-0.012174 0.003 0.0369996 -0.0121804 -0.012 0.0371386 -0.012174 -0.012 0.0369996 -0.0121804 0.003 0.0371386 -0.0121998 -0.012 0.0372762 -0.0122315 -0.012 0.0374106 -0.0121998 0.003 0.0372762 -0.0122315 0.003 0.0374106 -0.0122753 -0.012 0.0375412 -0.0122753 0.003 0.0375412 -0.012331 -0.012 0.0376673 -0.0123979 -0.012 0.0377876 -0.012331 0.003 0.0376673 -0.0123979 0.003 0.0377876 -0.0124764 -0.012 0.0379022 -0.0124764 0.003 0.0379022 -0.0125649 0.003 0.038009 -0.0125649 -0.012 0.038009 -0.0126642 0.003 0.0381081 -0.0127712 0.003 0.0381969 -0.0126642 -0.012 0.0381081 -0.0128855 0.003 0.038275 -0.0127712 -0.012 0.0381969 -0.0128855 -0.012 0.038275 -0.0130061 0.003 0.038342 -0.013132 -0.012 0.0383976 -0.0130061 -0.012 0.038342 -0.013132 0.003 0.0383976 -0.0132627 0.003 0.0384415 -0.013397 -0.012 0.0384732 -0.0132627 -0.012 0.0384415 -0.013397 0.003 0.0384732 -0.013534 -0.012 0.0384923 -0.013534 0.003 0.0384923 -0.0136739 0.003 0.0384989 -0.0136739 -0.012 0.0384989 -0.0121804 0.003 0.0368594 -0.0121996 0.003 0.0367223 -0.0121804 -0.012 0.0368594 -0.0121996 -0.012 0.0367223 -0.0122314 0.003 0.0365876 -0.0122314 -0.012 0.0365876 -0.0122751 0.003 0.0364571 -0.0123308 0.003 0.0363311 -0.0122751 -0.012 0.0364571 -0.0123308 -0.012 0.0363311 -0.0123978 0.003 0.0362105 -0.0123978 -0.012 0.0362105 -0.0124759 0.003 0.0360964 -0.0124759 -0.012 0.0360964 -0.0125648 -0.012 0.035989 -0.0126632 -0.012 0.0358906 -0.0125648 0.003 0.035989 -0.012771 -0.012 0.0358011 -0.0126632 0.003 0.0358906 -0.012771 0.003 0.0358011 -0.012885 -0.012 0.0357231 -0.0130057 -0.012 0.035656 -0.012885 0.003 0.0357231 -0.0130057 0.003 0.035656 -0.0131316 0.003 0.0356004 -0.0131316 -0.012 0.0356004 -0.0132622 -0.012 0.0355566 -0.0133967 0.003 0.0355248 -0.0132622 0.003 0.0355566 -0.0133967 -0.012 0.0355248 -0.013534 0.003 0.0355056 -0.013534 -0.012 0.0355056 -0.0136739 -0.012 0.0354989 -0.0136739 0.003 0.0354989 -0.0138137 0.003 0.0384923 -0.0136739 -0.012 0.0384989 -0.0136739 0.003 0.0384989 -0.0142162 -0.012 0.0383975 -0.0140855 -0.012 0.0384413 -0.0142162 0.003 0.0383975 -0.013951 0.003 0.0384731 -0.013951 -0.012 0.0384731 -0.0145768 0.003 0.0381968 -0.0146845 0.003 0.0381073 -0.0145768 -0.012 0.0381968 -0.0144628 0.003 0.0382748 -0.0144628 -0.012 0.0382748 -0.0143421 -0.012 0.0383419 -0.0149499 0.003 0.0377873 -0.0149499 -0.012 0.0377873 -0.0148719 0.003 0.0379015 -0.0147829 -0.012 0.0380089 -0.0147829 0.003 0.0380089 -0.0151164 -0.012 0.0374102 -0.0151164 0.003 0.0374102 -0.0151482 -0.012 0.0372755 -0.015017 0.003 0.0376668 -0.0150726 0.003 0.0375407 -0.0150726 -0.012 0.0375407 -0.0151738 0.003 0.0369982 -0.0151673 -0.012 0.0368593 -0.0151738 -0.012 0.0369982 -0.0151674 0.003 0.0371384 -0.0151674 -0.012 0.0371384 -0.0151482 0.003 0.0372755 -0.0150724 -0.012 0.0364567 -0.0151163 -0.012 0.0365873 -0.0151163 0.003 0.0365873 -0.015148 -0.012 0.0367217 -0.0151673 0.003 0.0368593 -0.015148 0.003 0.0367217 -0.0149498 -0.012 0.0362102 -0.0150168 0.003 0.0363306 -0.0149498 0.003 0.0362102 -0.0150724 0.003 0.0364567 -0.0150168 -0.012 0.0363306 -0.0148714 -0.012 0.0360956 -0.0147829 0.003 0.0359889 -0.0147829 -0.012 0.0359889 -0.0148714 0.003 0.0360956 -0.0146835 -0.012 0.0358897 -0.0146835 0.003 0.0358897 -0.0145766 0.003 0.035801 -0.0144622 0.003 0.0357228 -0.0145766 -0.012 0.035801 -0.0143417 0.003 0.0356558 -0.0144622 -0.012 0.0357228 -0.0142158 -0.012 0.0356002 -0.0143417 -0.012 0.0356558 -0.014085 0.003 0.0355563 -0.0142158 0.003 0.0356002 -0.014085 -0.012 0.0355563 -0.0139508 -0.012 0.0355247 -0.0138137 -0.012 0.0355056 -0.0139508 0.003 0.0355247 -0.0136739 0.003 0.0354989 -0.0138137 0.003 0.0355056 -0.0136739 -0.012 0.0354989 -0.015017 -0.012 0.0376668 -0.0148719 -0.012 0.0379015 -0.0146845 -0.012 0.0381073 -0.0143421 0.003 0.0383419 -0.0140855 0.003 0.0384413 -0.0138137 -0.012 0.0384923 -0.0148714 0.003 0.0360956 -0.0132627 0.003 0.0384415 -0.013132 0.003 0.0383976 -0.0143421 0.003 0.0383419 -0.0151738 0.003 0.0369982 -0.0146845 0.003 0.0381073 -0.013951 0.003 0.0384731 -0.0151673 0.003 0.0368593 -0.013534 0.003 0.0384923 -0.0150724 0.003 0.0364567 -0.0136739 0.003 0.0384989 -0.0151674 0.003 0.0371384 -0.0144628 0.003 0.0382748 -0.0145768 0.003 0.0381968 -0.0148719 0.003 0.0379015 -0.0151164 0.003 0.0374102 -0.0150726 0.003 0.0375407 -0.0142162 0.003 0.0383975 -0.0147829 0.003 0.0380089 -0.015017 0.003 0.0376668 -0.0151482 0.003 0.0372755 -0.0149499 0.003 0.0377873 -0.0140855 0.003 0.0384413 -0.0138137 0.003 0.0384923 -0.015148 0.003 0.0367217 -0.0151163 0.003 0.0365873 -0.0150168 0.003 0.0363306 -0.013397 0.003 0.0384732 -0.0149498 0.003 0.0362102 -0.0147829 0.003 0.0359889 -0.0130061 0.003 0.038342 -0.0128855 0.003 0.038275 -0.0146835 0.003 0.0358897 -0.0127712 0.003 0.0381969 -0.0145766 0.003 0.035801 -0.0144622 0.003 0.0357228 -0.0143417 0.003 0.0356558 -0.0126642 0.003 0.0381081 -0.0125649 0.003 0.038009 -0.0142158 0.003 0.0356002 -0.0124764 0.003 0.0379022 -0.014085 0.003 0.0355563 -0.0123979 0.003 0.0377876 -0.0139508 0.003 0.0355247 -0.0138137 0.003 0.0355056 -0.012331 0.003 0.0376673 -0.0122753 0.003 0.0375412 -0.0122315 0.003 0.0374106 -0.0136739 0.003 0.0354989 -0.012174 0.003 0.0369996 -0.0132622 0.003 0.0355566 -0.0133967 0.003 0.0355248 -0.0121998 0.003 0.0372762 -0.013534 0.003 0.0355056 -0.0126632 0.003 0.0358906 -0.0121804 0.003 0.0368594 -0.0121996 0.003 0.0367223 -0.0131316 0.003 0.0356004 -0.0122751 0.003 0.0364571 -0.0123308 0.003 0.0363311 -0.0124759 0.003 0.0360964 -0.0122314 0.003 0.0365876 -0.0123978 0.003 0.0362105 -0.0125648 0.003 0.035989 -0.012771 0.003 0.0358011 -0.012885 0.003 0.0357231 -0.0130057 0.003 0.035656 -0.0121804 0.003 0.0371386 -0.014085 -0.012 0.0355563 -0.0124764 -0.012 0.0379022 -0.0142158 -0.012 0.0356002 -0.0128855 -0.012 0.038275 -0.0146835 -0.012 0.0358897 -0.0145766 -0.012 0.035801 -0.0133967 -0.012 0.0355248 -0.012174 -0.012 0.0369996 -0.0121804 -0.012 0.0371386 -0.0122753 -0.012 0.0375412 -0.0138137 -0.012 0.0355056 -0.0136739 -0.012 0.0354989 -0.0121804 -0.012 0.0368594 -0.0126632 -0.012 0.0358906 -0.012885 -0.012 0.0357231 -0.012771 -0.012 0.0358011 -0.0122314 -0.012 0.0365876 -0.0124759 -0.012 0.0360964 -0.0122751 -0.012 0.0364571 -0.0131316 -0.012 0.0356004 -0.0130057 -0.012 0.035656 -0.0125648 -0.012 0.035989 -0.0121996 -0.012 0.0367223 -0.0123308 -0.012 0.0363311 -0.0123978 -0.012 0.0362105 -0.0132622 -0.012 0.0355566 -0.0121998 -0.012 0.0372762 -0.0122315 -0.012 0.0374106 -0.013534 -0.012 0.0355056 -0.012331 -0.012 0.0376673 -0.0123979 -0.012 0.0377876 -0.0139508 -0.012 0.0355247 -0.0143417 -0.012 0.0356558 -0.0125649 -0.012 0.038009 -0.0126642 -0.012 0.0381081 -0.0144622 -0.012 0.0357228 -0.0127712 -0.012 0.0381969 -0.0130061 -0.012 0.038342 -0.0147829 -0.012 0.0359889 -0.013132 -0.012 0.0383976 -0.0132627 -0.012 0.0384415 -0.0148714 -0.012 0.0360956 -0.013397 -0.012 0.0384732 -0.0149498 -0.012 0.0362102 -0.013534 -0.012 0.0384923 -0.0150168 -0.012 0.0363306 -0.0136739 -0.012 0.0384989 -0.0150724 -0.012 0.0364567 -0.0151163 -0.012 0.0365873 -0.0138137 -0.012 0.0384923 -0.015148 -0.012 0.0367217 -0.0151738 -0.012 0.0369982 -0.0140855 -0.012 0.0384413 -0.0142162 -0.012 0.0383975 -0.013951 -0.012 0.0384731 -0.0151674 -0.012 0.0371384 -0.0146845 -0.012 0.0381073 -0.0151482 -0.012 0.0372755 -0.0150726 -0.012 0.0375407 -0.0148719 -0.012 0.0379015 -0.015017 -0.012 0.0376668 -0.0151164 -0.012 0.0374102 -0.0149499 -0.012 0.0377873 -0.0147829 -0.012 0.0380089 -0.0144628 -0.012 0.0382748 -0.0145768 -0.012 0.0381968 -0.0143421 -0.012 0.0383419 -0.0151673 -0.012 0.0368593</float_array>
          <technique_common>
            <accessor count="276" source="#ID6" stride="3">
              <param name="X" type="float"/>
              <param name="Y" type="float"/>
              <param name="Z" type="float"/>
            </accessor>
          </technique_common>
        </source>
        <source id="ID7">
          <float_array count="828" id="ID8">1 0 0.000202417 0.99575 0 0.0920936 1 0 -0.000202417 0.995707 0 0.0925605 0.983015 0 0.183523 0.961911 0 0.273363 0.982886 0 0.184217 0.961663 0 0.274235 0.932571 0 0.360986 0.932279 0 0.361741 0.895235 0 0.445595 0.850284 0 0.526324 0.894954 0 0.446158 0.849984 0 0.526809 0.79803 0 0.602618 0.797814 0 0.602903 0.738826 0 0.673897 0.738917 0 0.673796 0.67344 0 0.739242 0.602371 0 0.798216 0.673643 0 0.739057 0.526206 0 0.850357 0.602586 0 0.798054 0.526287 0 0.850307 0.445422 0 0.895321 0.361315 0 0.932444 0.44573 0 0.895168 0.360973 0 0.932576 0.27351 0 0.961869 0.183879 0 0.982949 0.273587 0 0.961847 0.183436 0 0.983032 0.0920147 0 0.995758 0.0920038 0 0.995759 0 0 1 1.19209e-07 0 1 0.99575 0 -0.0920935 0.983015 0 -0.183523 0.995707 0 -0.0925605 0.982886 0 -0.184217 0.961911 0 -0.273363 0.961663 0 -0.274235 0.932571 0 -0.360986 0.895235 0 -0.445595 0.932279 0 -0.361741 0.894954 0 -0.446158 0.850284 0 -0.526324 0.849984 0 -0.526809 0.79803 0 -0.602618 0.797814 0 -0.602903 0.738826 0 -0.673897 0.67344 0 -0.739242 0.738917 0 -0.673796 0.602371 0 -0.798216 0.673643 0 -0.739057 0.602586 0 -0.798054 0.526205 0 -0.850357 0.445422 0 -0.895321 0.526287 0 -0.850307 0.44573 0 -0.895168 0.361315 0 -0.932444 0.360973 0 -0.932576 0.27351 0 -0.961869 0.183879 0 -0.982949 0.273587 0 -0.961847 0.183436 0 -0.983032 0.0920147 0 -0.995758 0.0920039 0 -0.995759 2.91124e-12 0 -1 -2.36848e-15 -0 -1 -0.0920147 0 0.995758 -2.90763e-12 0 1 0 0 1 -0.360973 0 0.932576 -0.27351 0 0.961869 -0.361315 0 0.932444 -0.183879 0 0.982949 -0.183436 0 0.983032 -0.602586 0 0.798054 -0.673643 0 0.739057 -0.602371 0 0.798216 -0.526287 0 0.850307 -0.526205 0 0.850357 -0.445422 0 0.895321 -0.850284 0 0.526324 -0.849984 0 0.526809 -0.79803 0 0.602618 -0.738826 0 0.673897 -0.738917 0 0.673796 -0.961663 0 0.274235 -0.961911 0 0.273363 -0.982886 0 0.184217 -0.895235 0 0.445595 -0.932571 0 0.360986 -0.932279 0 0.361741 -1 -0 -0.000202417 -0.99575 -0 -0.0920936 -1 0 0.000202417 -0.99575 0 0.0920935 -0.995707 0 0.0925605 -0.983015 0 0.183523 -0.932571 -0 -0.360986 -0.961911 -0 -0.273363 -0.961663 -0 -0.274235 -0.983015 -0 -0.183523 -0.995707 -0 -0.0925605 -0.982886 -0 -0.184217 -0.850284 -0 -0.526324 -0.894954 -0 -0.446158 -0.849984 -0 -0.526809 -0.932279 -0 -0.361741 -0.895235 -0 -0.445595 -0.79803 -0 -0.602618 -0.738826 -0 -0.673897 -0.738917 -0 -0.673796 -0.797814 -0 -0.602903 -0.673643 -0 -0.739057 -0.67344 -0 -0.739242 -0.602371 -0 -0.798216 -0.526206 -0 -0.850357 -0.602586 -0 -0.798054 -0.445422 -0 -0.895321 -0.526287 -0 -0.850307 -0.361315 -0 -0.932444 -0.44573 -0 -0.895168 -0.27351 -0 -0.961869 -0.360973 -0 -0.932576 -0.273587 -0 -0.961847 -0.183879 -0 -0.982949 -0.0920147 -0 -0.995758 -0.183436 -0 -0.983032 2.36848e-15 0 -1 -0.0920038 -0 -0.995759 -1.19209e-07 -0 -1 -0.894954 0 0.446158 -0.797814 0 0.602903 -0.67344 0 0.739242 -0.44573 0 0.895168 -0.273587 0 0.961847 -0.0920039 0 0.995759 0 1 0 0 1 0 0 1 0 0 1 0 0 1 0 0 1 0 0 1 0 0 1 0 0 1 0 0 1 0 0 1 0 0 1 0 0 1 0 0 1 0 0 1 0 0 1 0 0 1 0 0 1 0 0 1 0 0 1 0 0 1 0 0 1 0 0 1 0 0 1 0 0 1 0 0 1 0 0 1 0 0 1 0 0 1 0 0 1 0 0 1 0 0 1 0 0 1 0 0 1 0 0 1 0 0 1 0 0 1 0 0 1 0 0 1 0 0 1 0 0 1 0 0 1 0 0 1 0 0 1 0 0 1 0 0 1 0 0 1 0 0 1 0 0 1 0 0 1 0 0 1 0 0 1 0 0 1 0 0 1 0 0 1 0 0 1 0 0 1 0 0 1 0 0 1 0 0 1 0 0 1 0 0 1 0 0 1 0 0 1 0 0 1 0 0 1 0 0 1 0 0 1 0 -0 -1 -0 -0 -1 -0 -0 -1 -0 -0 -1 -0 -0 -1 -0 -0 -1 -0 -0 -1 -0 -0 -1 -0 -0 -1 -0 -0 -1 -0 -0 -1 -0 -0 -1 -0 -0 -1 -0 -0 -1 -0 -0 -1 -0 -0 -1 -0 -0 -1 -0 -0 -1 -0 -0 -1 -0 -0 -1 -0 -0 -1 -0 -0 -1 -0 -0 -1 -0 -0 -1 -0 -0 -1 -0 -0 -1 -0 -0 -1 -0 -0 -1 -0 -0 -1 -0 -0 -1 -0 -0 -1 -0 -0 -1 -0 -0 -1 -0 -0 -1 -0 -0 -1 -0 -0 -1 -0 -0 -1 -0 -0 -1 -0 -0 -1 -0 -0 -1 -0 -0 -1 -0 -0 -1 -0 -0 -1 -0 -0 -1 -0 -0 -1 -0 -0 -1 -0 -0 -1 -0 -0 -1 -0 -0 -1 -0 -0 -1 -0 -0 -1 -0 -0 -1 -0 -0 -1 -0 -0 -1 -0 -0 -1 -0 -0 -1 -0 -0 -1 -0 -0 -1 -0 -0 -1 -0 -0 -1 -0 -0 -1 -0 -0 -1 -0 -0 -1 -0 -0 -1 -0 -0 -1 -0 -0 -1 -0 -0 -1 -0 -0 -1 -0</float_array>
          <technique_common>
            <accessor count="276" source="#ID8" stride="3">
              <param name="X" type="float"/>
              <param name="Y" type="float"/>
              <param name="Z" type="float"/>
            </accessor>
          </technique_common>
        </source>
        <vertices id="ID9">
          <input semantic="POSITION" source="#ID5"/>
        </vertices>
        <triangles count="268" material="Material0">
          <input offset="0" semantic="VERTEX" source="#ID9"/>
          <p>0 1 2 1 3 4 3 1 0 5 4 6 3 6 4 7 8 5 5 6 7 8 9 10 9 8 7 11 10 12 9 12 10 13 14 11 11 12 13 15 16 14 15 14 13 17 16 18 16 17 14 19 20 18 17 18 20 19 21 22 22 20 19 23 21 24 21 23 22 24 25 26 23 24 26 27 28 25 27 25 24 29 30 28 28 30 25 31 32 29 29 28 31 33 34 32 33 32 31 34 35 32 2 36 0 37 36 38 2 38 36 39 40 37 37 38 39 40 41 42 41 40 39 43 42 44 41 44 42 45 46 43 43 44 45 46 47 48 47 46 45 48 49 50 47 49 48 51 52 50 48 50 52 51 53 54 54 52 51 55 53 56 53 55 54 57 58 56 55 56 58 59 57 60 59 58 57 60 61 62 57 61 60 62 63 64 60 62 64 63 65 66 65 63 62 66 67 68 65 67 66 66 68 69 70 71 72 73 74 75 76 74 77 78 79 80 81 82 83 84 85 86 87 88 86 89 90 91 92 93 94 95 96 97 98 99 100 101 102 103 104 105 106 107 108 109 101 110 111 112 113 114 109 115 112 116 117 118 117 116 114 119 120 118 116 118 120 119 121 122 122 120 119 123 124 121 121 124 122 125 123 126 123 121 126 127 125 128 127 123 125 129 128 130 125 130 128 131 129 132 129 130 132 133 129 131 115 113 112 113 117 114 108 107 111 107 109 112 101 103 110 111 110 108 102 104 106 102 106 103 105 96 95 104 96 105 98 97 99 95 97 98 90 100 91 100 99 91 94 93 89 93 90 89 134 84 92 134 92 94 85 135 86 134 85 84 87 136 88 135 87 86 80 79 136 88 136 79 81 78 82 78 80 82 83 75 137 137 81 83 74 138 75 83 73 75 76 77 70 138 74 76 71 70 139 70 77 139 140 141 142 143 144 145 144 146 147 148 149 150 144 151 145 152 145 153 154 155 156 143 157 144 143 145 152 158 145 154 159 154 156 155 145 160 161 154 159 151 160 145 162 144 157 155 154 145 162 146 144 146 163 164 147 146 164 165 163 150 163 165 164 149 148 166 165 150 149 148 167 168 168 166 148 168 141 140 141 168 167 169 142 170 169 140 142 171 172 170 169 170 172 171 173 174 174 172 171 173 175 174 176 175 177 173 177 175 178 179 176 176 177 178 179 180 181 180 179 178 181 180 182 183 182 184 183 181 182 184 185 186 182 185 184 187 188 186 184 186 188 189 190 191 187 192 193 194 195 196 189 197 190 198 199 200 201 194 196 201 198 200 200 199 202 200 203 194 194 201 200 194 204 205 194 189 195 194 206 189 206 194 205 189 191 207 206 197 189 192 191 193 191 192 207 193 188 187 208 209 210 211 212 213 214 215 216 217 218 219 220 215 221 221 222 223 224 225 226 227 228 215 229 225 221 230 221 224 221 228 222 221 230 220 225 231 226 221 225 224 225 232 231 215 233 227 215 228 221 234 214 216 215 214 233 234 235 236 236 214 234 217 219 235 236 235 219 218 237 238 218 217 237 239 238 208 239 218 238 238 209 208 240 210 241 210 209 241 240 242 243 242 240 241 243 242 244 211 213 244 243 244 213 211 245 212 246 245 247 245 246 212 247 248 249 249 246 247 250 251 248 249 248 251 251 252 253 252 251 250 252 254 255 255 253 252 256 257 258 255 254 256 259 260 261 262 260 259 263 264 265 266 267 268 269 265 264 269 267 266 267 270 268 267 264 271 264 267 269 264 272 273 264 263 259 264 259 274 274 272 264 259 275 262 274 259 261 258 257 262 262 275 258 257 256 254</p>
        </triangles>
      </mesh>
    </geometry>
    <geometry id="ID13">
      <mesh>
        <source id="ID14">
