<?xml version="1.0" encoding="UTF-8" standalone="no" ?>
<COLLADA version="1.4.1" xmlns="http://www.collada.org/2005/11/COLLADASchema">

  <asset>
    <created>2019-02-22T12:09:00</created>
    <modified>2019-02-22T12:09:00</modified>
    <unit meter="1" name="Meters"/>
    <up_axis>Z_UP</up_axis>
  </asset>

  <library_visual_scenes>
    <visual_scene id="ID1">
      <node id="ID2" name="5c6fe65b1f53411950b77b09">
        <node>
          <matrix>-1 8.32667e-17 2.38262e-16 -0.009 -2.42932e-16 -0.573576 -0.819152 -0.0897208 6.84531e-17 -0.819152 0.573576 0.052 0 0 0 1</matrix>
          <instance_node url="#ID3"/>
        </node>
        <node>
          <matrix>-3.22739e-16 6.12323e-17 1 0.053 1 -4.93038e-32 3.22739e-16 5.31209e-17 9.86076e-32 1 -6.12323e-17 0.112 0 0 0 1</matrix>
          <instance_node url="#ID12"/>
        </node>
        <node>
          <matrix>-1 -1.68019e-16 -2.77556e-16 -0.05 -2.96832e-16 0.819152 0.573576 -0.0534187 1.30989e-16 0.573576 -0.819152 0.04 0 0 0 1</matrix>
          <instance_node url="#ID21"/>
        </node>
        <node>
          <matrix>-3.22739e-16 6.12323e-17 1 0.0518 1 -4.93038e-32 3.22739e-16 -0.0543392 9.86076e-32 1 -6.12323e-17 0.0868555 0 0 0 1</matrix>
          <instance_node url="#ID28"/>
        </node>
        <node>
          <matrix>1 -3.60726e-16 -1.11022e-16 0.05 3.59169e-16 0.819152 0.573576 0.00658131 -1.1596e-16 -0.573576 0.819152 0.04 0 0 0 1</matrix>
          <instance_node url="#ID35"/>
        </node>
        <node>
          <matrix>1 0 0 0 0 1 0 0 0 0 1 0 0 0 0 1</matrix>
          <instance_node url="#ID42"/>
        </node>
        <node>
          <matrix>1 -2.38262e-16 -1.11022e-16 0.05 2.58852e-16 0.819152 0.573576 -0.0534187 -4.57171e-17 -0.573576 0.819152 0.04 0 0 0 1</matrix>
          <instance_node url="#ID35"/>
        </node>
        <node>
          <matrix>-1 -1.68019e-16 -2.77556e-16 -0.05 -2.96832e-16 0.819152 0.573576 0.00658131 1.30989e-16 0.573576 -0.819152 0.04 0 0 0 1</matrix>
          <instance_node url="#ID21"/>
        </node>
        <node>
          <matrix>1 0 0 0 0 1 0 0 0 0 1 0 0 0 0 1</matrix>
          <instance_node url="#ID51"/>
        </node>
        <node>
          <matrix>1 0 0 0 0 0 -1 0 0 1 0 0 0 0 0 1</matrix>
          <instance_node url="#ID60"/>
        </node>
        <node>
          <matrix>-1 8.32667e-17 2.38262e-16 -0.009 -2.42932e-16 -0.573576 -0.819152 -0.0897208 6.84531e-17 -0.819152 0.573576 0.052 0 0 0 1</matrix>
          <instance_node url="#ID21"/>
        </node>
        <node>
          <matrix>-3.22739e-16 -6.12323e-17 -1 -0.0518 1 -4.93038e-32 -3.22739e-16 -0.0543392 1.21008e-48 -1 6.12323e-17 0.0868555 0 0 0 1</matrix>
          <instance_node url="#ID28"/>
        </node>
        <node>
          <matrix>-3.22739e-16 -6.12323e-17 -1 -0.0518 1 -4.93038e-32 -3.22739e-16 -0.068064 1.21008e-48 -1 6.12323e-17 0.101403 0 0 0 1</matrix>
          <instance_node url="#ID28"/>
        </node>
        <node>
          <matrix>1 -3.60726e-16 -1.11022e-16 0.05 3.59169e-16 0.819152 0.573576 0.00658131 -1.1596e-16 -0.573576 0.819152 0.04 0 0 0 1</matrix>
          <instance_node url="#ID21"/>
        </node>
        <node>
          <matrix>1 0 0 0 0 1 0 0 0 0 1 0 0 0 0 1</matrix>
          <instance_node url="#ID69"/>
        </node>
        <node>
          <matrix>-1 8.32667e-17 2.38262e-16 -0.009 -2.42932e-16 -0.573576 -0.819152 -0.0897208 6.84531e-17 -0.819152 0.573576 0.052 0 0 0 1</matrix>
          <instance_node url="#ID35"/>
        </node>
        <node>
          <matrix>1 0 0 0 0 1 0 0 0 0 1 0 0 0 0 1</matrix>
          <instance_node url="#ID76"/>
        </node>
        <node>
          <matrix>-3.22739e-16 6.12323e-17 1 0.0518 1 -4.93038e-32 3.22739e-16 -0.068064 9.86076e-32 1 -6.12323e-17 0.101403 0 0 0 1</matrix>
          <instance_node url="#ID28"/>
        </node>
        <node>
          <matrix>-1 -1.68019e-16 -2.77556e-16 -0.05 -2.96832e-16 0.819152 0.573576 0.00658131 1.30989e-16 0.573576 -0.819152 0.04 0 0 0 1</matrix>
          <instance_node url="#ID3"/>
        </node>
        <node>
          <matrix>1 -2.38262e-16 -1.11022e-16 0.05 2.58852e-16 0.819152 0.573576 -0.0534187 -4.57171e-17 -0.573576 0.819152 0.04 0 0 0 1</matrix>
          <instance_node url="#ID3"/>
        </node>
        <node>
          <matrix>-1 -1.68019e-16 -2.77556e-16 -0.05 -2.96832e-16 0.819152 0.573576 0.00658131 1.30989e-16 0.573576 -0.819152 0.04 0 0 0 1</matrix>
          <instance_node url="#ID35"/>
        </node>
        <node>
          <matrix>-1 -1.68019e-16 -2.77556e-16 -0.05 -2.96832e-16 0.819152 0.573576 -0.0534187 1.30989e-16 0.573576 -0.819152 0.04 0 0 0 1</matrix>
          <instance_node url="#ID3"/>
        </node>
        <node>
          <matrix>1 -3.60726e-16 -1.11022e-16 0.05 3.59169e-16 0.819152 0.573576 0.00658131 -1.1596e-16 -0.573576 0.819152 0.04 0 0 0 1</matrix>
          <instance_node url="#ID3"/>
        </node>
        <node>
          <matrix>1 0 0 0 0 1 0 0 0 0 1 0 0 0 0 1</matrix>
          <instance_node url="#ID83"/>
        </node>
        <node>
          <matrix>-1 -1.68019e-16 -2.77556e-16 -0.05 -2.96832e-16 0.819152 0.573576 -0.0534187 1.30989e-16 0.573576 -0.819152 0.04 0 0 0 1</matrix>
          <instance_node url="#ID35"/>
        </node>
        <node>
          <matrix>1 -2.38262e-16 -1.11022e-16 0.05 2.58852e-16 0.819152 0.573576 -0.0534187 -4.57171e-17 -0.573576 0.819152 0.04 0 0 0 1</matrix>
          <instance_node url="#ID21"/>
        </node>
        <node>
          <matrix>1 0 0 -0.098 0 1 0 0 0 0 1 0 0 0 0 1</matrix>
          <instance_node url="#ID51"/>
        </node>
        <node>
          <matrix>1 0 0 0 0 1 0 -0.0137247 0 0 1 0.0145476 0 0 0 1</matrix>
          <instance_node url="#ID83"/>
        </node>
        <node>
          <matrix>-3.22739e-16 -6.12323e-17 -1 -0.053 1 -4.93038e-32 -3.22739e-16 5.05218e-17 1.21008e-48 -1 6.12323e-17 0.112 0 0 0 1</matrix>
          <instance_node url="#ID12"/>
        </node>
      </node>
    </visual_scene>
  </library_visual_scenes>

  <library_geometries>
    <geometry id="ID4">
      <mesh>
        <source id="ID5">
          <float_array count="828" id="ID6">0.034 0.000999939 -4.66229e-07 -0.013 0.00099564 -9.31179e-05 -0.013 0.000999939 -4.66229e-07 0.034 0.00099564 -9.31179e-05 -0.013 0.000982732 -0.000184847 -0.013 0.000961588 -0.000274434 0.034 0.000982732 -0.000184847 0.034 0.000961588 -0.000274434 -0.013 0.000932365 -0.000361503 0.034 0.000932365 -0.000361503 -0.013 0.000895272 -0.000445549 -0.013 0.00085063 -0.000525793 0.034 0.000895272 -0.000445549 0.034 0.00085063 -0.000525793 -0.013 0.000798346 -0.000602213 0.034 0.000798346 -0.000602213 0.034 0.000739318 -0.000673361 -0.013 0.000739318 -0.000673361 0.034 0.000673097 -0.000739468 0.034 0.000601809 -0.000798617 -0.013 0.000673097 -0.000739468 0.034 0.000525557 -0.000850728 -0.013 0.000601809 -0.000798617 -0.013 0.000525557 -0.000850728 0.034 0.000445211 -0.000895412 -0.013 0.000361258 -0.000932467 -0.013 0.000445211 -0.000895412 0.034 0.000361258 -0.000932467 0.034 0.000274104 -0.000961725 -0.013 0.000184616 -0.000982828 -0.013 0.000274104 -0.000961725 0.034 0.000184616 -0.000982828 -0.013 9.32474e-05 -0.000995586 0.034 9.32474e-05 -0.000995586 0.034 1.22465e-19 -0.001 -0.013 1.22465e-19 -0.001 0.034 0.000995674 9.30112e-05 0.034 0.000982879 0.000184391 -0.013 0.000995674 9.30112e-05 -0.013 0.000982879 0.000184391 0.034 0.000961683 0.000274207 -0.013 0.000961683 0.000274207 0.034 0.000932492 0.000361198 0.034 0.000895406 0.000445224 -0.013 0.000932492 0.000361198 -0.013 0.000895406 0.000445224 0.034 0.000850711 0.000525596 -0.013 0.000850711 0.000525596 0.034 0.000798658 0.000601711 -0.013 0.000798658 0.000601711 -0.013 0.000739355 0.000673301 -0.013 0.000673764 0.000738884 0.034 0.000739355 0.000673301 -0.013 0.00060194 0.00079856 0.034 0.000673764 0.000738884 0.034 0.00060194 0.00079856 -0.013 0.000525928 0.000850565 -0.013 0.000445467 0.000895306 0.034 0.000525928 0.000850565 0.034 0.000445467 0.000895306 0.034 0.00036154 0.00093235 -0.013 0.00036154 0.00093235 -0.013 0.000274447 0.000961583 0.034 0.000184778 0.00098276 0.034 0.000274447 0.000961583 -0.013 0.000184778 0.00098276 0.034 9.32474e-05 0.000995586 -0.013 9.32474e-05 0.000995586 -0.013 0 0.001 0.034 0 0.001 0.034 -9.32474e-05 -0.000995586 -0.013 1.22465e-19 -0.001 0.034 1.22465e-19 -0.001 -0.013 -0.00036154 -0.00093235 -0.013 -0.000274447 -0.000961583 0.034 -0.00036154 -0.00093235 0.034 -0.000184778 -0.00098276 -0.013 -0.000184778 -0.00098276 0.034 -0.00060194 -0.00079856 0.034 -0.000673764 -0.000738884 -0.013 -0.00060194 -0.00079856 0.034 -0.000525928 -0.000850565 -0.013 -0.000525928 -0.000850565 -0.013 -0.000445467 -0.000895306 0.034 -0.000850711 -0.000525596 -0.013 -0.000850711 -0.000525596 0.034 -0.000798658 -0.000601711 -0.013 -0.000739355 -0.000673301 0.034 -0.000739355 -0.000673301 -0.013 -0.000961683 -0.000274207 0.034 -0.000961683 -0.000274207 -0.013 -0.000982879 -0.000184391 0.034 -0.000895406 -0.000445224 0.034 -0.000932492 -0.000361198 -0.013 -0.000932492 -0.000361198 0.034 -0.000999939 4.66229e-07 -0.013 -0.00099564 9.31179e-05 -0.013 -0.000999939 4.66229e-07 0.034 -0.000995674 -9.30112e-05 -0.013 -0.000995674 -9.30112e-05 0.034 -0.000982879 -0.000184391 -0.013 -0.000932365 0.000361503 -0.013 -0.000961588 0.000274434 0.034 -0.000961588 0.000274434 -0.013 -0.000982732 0.000184847 0.034 -0.00099564 9.31179e-05 0.034 -0.000982732 0.000184847 -0.013 -0.00085063 0.000525793 0.034 -0.000895272 0.000445549 0.034 -0.00085063 0.000525793 0.034 -0.000932365 0.000361503 -0.013 -0.000895272 0.000445549 -0.013 -0.000798346 0.000602213 0.034 -0.000739318 0.000673361 -0.013 -0.000739318 0.000673361 0.034 -0.000798346 0.000602213 -0.013 -0.000673097 0.000739468 0.034 -0.000673097 0.000739468 0.034 -0.000601809 0.000798617 0.034 -0.000525557 0.000850728 -0.013 -0.000601809 0.000798617 0.034 -0.000445211 0.000895412 -0.013 -0.000525557 0.000850728 -0.013 -0.000361258 0.000932467 -0.013 -0.000445211 0.000895412 0.034 -0.000274104 0.000961725 0.034 -0.000361258 0.000932467 -0.013 -0.000274104 0.000961725 -0.013 -0.000184616 0.000982828 -0.013 -9.32474e-05 0.000995586 0.034 -0.000184616 0.000982828 0.034 0 0.001 0.034 -9.32474e-05 0.000995586 -0.013 0 0.001 -0.013 -0.000895406 -0.000445224 -0.013 -0.000798658 -0.000601711 -0.013 -0.000673764 -0.000738884 0.034 -0.000445467 -0.000895306 0.034 -0.000274447 -0.000961583 -0.013 -9.32474e-05 -0.000995586 0.034 0.000274104 -0.000961725 0.034 0.000361258 -0.000932467 0.034 -0.000798346 0.000602213 0.034 -0.000525557 0.000850728 0.034 0.000601809 -0.000798617 0.034 0.000673097 -0.000739468 0.034 -0.000184778 -0.00098276 0.034 -0.00099564 9.31179e-05 0.034 -0.000999939 4.66229e-07 0.034 -0.000932365 0.000361503 0.034 1.22465e-19 -0.001 0.034 9.32474e-05 -0.000995586 0.034 -0.000995674 -9.30112e-05 0.034 -0.000673764 -0.000738884 0.034 -0.00060194 -0.00079856 0.034 -0.000525928 -0.000850565 0.034 -0.000961683 -0.000274207 0.034 -0.000932492 -0.000361198 0.034 -0.000798658 -0.000601711 0.034 -0.00036154 -0.00093235 0.034 -0.000445467 -0.000895306 0.034 -0.000739355 -0.000673301 0.034 -0.000982879 -0.000184391 0.034 -0.000895406 -0.000445224 0.034 -0.000850711 -0.000525596 0.034 -0.000274447 -0.000961583 0.034 -0.000982732 0.000184847 0.034 -9.32474e-05 -0.000995586 0.034 -0.000961588 0.000274434 0.034 -0.00085063 0.000525793 0.034 -0.000895272 0.000445549 0.034 0.000184616 -0.000982828 0.034 0.000445211 -0.000895412 0.034 -0.000739318 0.000673361 0.034 0.000525557 -0.000850728 0.034 -0.000673097 0.000739468 0.034 -0.000601809 0.000798617 0.034 -0.000445211 0.000895412 0.034 0.000739318 -0.000673361 0.034 -0.000361258 0.000932467 0.034 0.000798346 -0.000602213 0.034 -0.000274104 0.000961725 0.034 -0.000184616 0.000982828 0.034 0.00085063 -0.000525793 0.034 0.000895272 -0.000445549 0.034 -9.32474e-05 0.000995586 0.034 0.000932365 -0.000361503 0.034 0 0.001 0.034 0.000961588 -0.000274434 0.034 0.000982732 -0.000184847 0.034 9.32474e-05 0.000995586 0.034 0.000999939 -4.66229e-07 0.034 0.00036154 0.00093235 0.034 0.000274447 0.000961583 0.034 0.000184778 0.00098276 0.034 0.000995674 9.30112e-05 0.034 0.000982879 0.000184391 0.034 0.000673764 0.000738884 0.034 0.000932492 0.000361198 0.034 0.000895406 0.000445224 0.034 0.000798658 0.000601711 0.034 0.000961683 0.000274207 0.034 0.000850711 0.000525596 0.034 0.000739355 0.000673301 0.034 0.00060194 0.00079856 0.034 0.000525928 0.000850565 0.034 0.000445467 0.000895306 0.034 0.00099564 -9.31179e-05 -0.013 0.000798346 -0.000602213 -0.013 -0.000361258 0.000932467 -0.013 -0.000274104 0.000961725 -0.013 0.000445467 0.000895306 -0.013 0.000673764 0.000738884 -0.013 0.000999939 -4.66229e-07 -0.013 0.00099564 -9.31179e-05 -0.013 0.000184778 0.00098276 -0.013 -9.32474e-05 0.000995586 -0.013 0 0.001 -0.013 0.000932365 -0.000361503 -0.013 0.000995674 9.30112e-05 -0.013 0.000525928 0.000850565 -0.013 0.00060194 0.00079856 -0.013 0.000798658 0.000601711 -0.013 0.000932492 0.000361198 -0.013 0.000961683 0.000274207 -0.013 0.00036154 0.00093235 -0.013 0.000739355 0.000673301 -0.013 0.000895406 0.000445224 -0.013 0.000982879 0.000184391 -0.013 0.000850711 0.000525596 -0.013 0.000274447 0.000961583 -0.013 0.000982732 -0.000184847 -0.013 9.32474e-05 0.000995586 -0.013 0.000961588 -0.000274434 -0.013 0.000895272 -0.000445549 -0.013 0.00085063 -0.000525793 -0.013 -0.000184616 0.000982828 -0.013 0.000739318 -0.000673361 -0.013 -0.000445211 0.000895412 -0.013 -0.000525557 0.000850728 -0.013 0.000673097 -0.000739468 -0.013 0.000601809 -0.000798617 -0.013 -0.000601809 0.000798617 -0.013 0.000525557 -0.000850728 -0.013 0.000445211 -0.000895412 -0.013 -0.000673097 0.000739468 -0.013 -0.000739318 0.000673361 -0.013 0.000361258 -0.000932467 -0.013 0.000274104 -0.000961725 -0.013 -0.000798346 0.000602213 -0.013 -0.00085063 0.000525793 -0.013 0.000184616 -0.000982828 -0.013 9.32474e-05 -0.000995586 -0.013 -0.000932365 0.000361503 -0.013 -0.000895272 0.000445549 -0.013 -0.000961588 0.000274434 -0.013 1.22465e-19 -0.001 -0.013 -0.000999939 4.66229e-07 -0.013 -0.000184778 -0.00098276 -0.013 -0.000274447 -0.000961583 -0.013 -9.32474e-05 -0.000995586 -0.013 -0.000982732 0.000184847 -0.013 -0.000673764 -0.000738884 -0.013 -0.000982879 -0.000184391 -0.013 -0.000995674 -9.30112e-05 -0.013 -0.00036154 -0.00093235 -0.013 -0.000932492 -0.000361198 -0.013 -0.000798658 -0.000601711 -0.013 -0.000895406 -0.000445224 -0.013 -0.000961683 -0.000274207 -0.013 -0.000850711 -0.000525596 -0.013 -0.000739355 -0.000673301 -0.013 -0.000525928 -0.000850565 -0.013 -0.00060194 -0.00079856 -0.013 -0.000445467 -0.000895306 -0.013 -0.00099564 9.31179e-05</float_array>
          <technique_common>
            <accessor count="276" source="#ID6" stride="3">
              <param name="X" type="float"/>
              <param name="Y" type="float"/>
              <param name="Z" type="float"/>
            </accessor>
          </technique_common>
        </source>
        <source id="ID7">
          <float_array count="828" id="ID8">0 1 -0.000202417 0 0.99575 -0.0920936 0 1 0.000202417 0 0.995707 -0.0925605 0 0.983015 -0.183523 0 0.961911 -0.273363 0 0.982886 -0.184217 0 0.961663 -0.274235 0 0.932571 -0.360986 0 0.932279 -0.361741 0 0.895235 -0.445595 0 0.850284 -0.526324 0 0.894954 -0.446158 0 0.849984 -0.526809 0 0.79803 -0.602618 0 0.797814 -0.602903 0 0.738826 -0.673897 0 0.738917 -0.673796 0 0.67344 -0.739242 0 0.602371 -0.798216 0 0.673643 -0.739057 0 0.526206 -0.850357 0 0.602586 -0.798054 0 0.526287 -0.850307 0 0.445422 -0.895321 0 0.361315 -0.932444 0 0.44573 -0.895168 0 0.360973 -0.932576 0 0.27351 -0.961869 0 0.183879 -0.982949 0 0.273587 -0.961847 0 0.183436 -0.983032 0 0.0920147 -0.995758 0 0.0920038 -0.995759 0 5.55112e-17 -1 0 1.19209e-07 -1 0 0.99575 0.0920935 0 0.983015 0.183523 0 0.995707 0.0925605 0 0.982886 0.184217 0 0.961911 0.273363 0 0.961663 0.274235 0 0.932571 0.360986 0 0.895235 0.445595 0 0.932279 0.361741 0 0.894954 0.446158 0 0.850284 0.526324 0 0.849984 0.526809 0 0.79803 0.602618 0 0.797814 0.602903 0 0.738826 0.673897 0 0.67344 0.739242 0 0.738917 0.673796 0 0.602371 0.798216 0 0.673643 0.739057 0 0.602586 0.798054 0 0.526205 0.850357 0 0.445422 0.895321 0 0.526287 0.850307 0 0.44573 0.895168 0 0.361315 0.932444 0 0.360973 0.932576 0 0.27351 0.961869 0 0.183879 0.982949 0 0.273587 0.961847 0 0.183436 0.983032 0 0.0920147 0.995758 0 0.0920039 0.995759 0 2.91031e-12 1 0 0 1 -0 -0.0920147 -0.995758 -0 -2.91019e-12 -1 0 1.11022e-16 -1 -0 -0.360973 -0.932576 -0 -0.27351 -0.961869 -0 -0.361315 -0.932444 -0 -0.183879 -0.982949 -0 -0.183436 -0.983032 -0 -0.602586 -0.798054 -0 -0.673643 -0.739057 -0 -0.602371 -0.798216 -0 -0.526287 -0.850307 -0 -0.526205 -0.850357 -0 -0.445422 -0.895321 -0 -0.850284 -0.526324 -0 -0.849984 -0.526809 -0 -0.79803 -0.602618 -0 -0.738826 -0.673897 -0 -0.738917 -0.673796 -0 -0.961663 -0.274235 -0 -0.961911 -0.273363 -0 -0.982886 -0.184217 -0 -0.895235 -0.445595 -0 -0.932571 -0.360986 -0 -0.932279 -0.361741 0 -1 0.000202417 0 -0.99575 0.0920936 -0 -1 -0.000202417 -0 -0.99575 -0.0920935 -0 -0.995707 -0.0925605 -0 -0.983015 -0.183523 0 -0.932571 0.360986 0 -0.961911 0.273363 0 -0.961663 0.274235 0 -0.983015 0.183523 0 -0.995707 0.0925605 0 -0.982886 0.184217 0 -0.850284 0.526324 0 -0.894954 0.446158 0 -0.849984 0.526809 0 -0.932279 0.361741 0 -0.895235 0.445595 0 -0.79803 0.602618 0 -0.738826 0.673897 0 -0.738917 0.673796 0 -0.797814 0.602903 0 -0.673643 0.739057 0 -0.67344 0.739242 0 -0.602371 0.798216 0 -0.526206 0.850357 0 -0.602586 0.798054 0 -0.445422 0.895321 0 -0.526287 0.850307 0 -0.361315 0.932444 0 -0.44573 0.895168 0 -0.27351 0.961869 0 -0.360973 0.932576 0 -0.273587 0.961847 0 -0.183879 0.982949 0 -0.0920147 0.995758 0 -0.183436 0.983032 0 0 1 0 -0.0920038 0.995759 0 -1.19209e-07 1 -0 -0.894954 -0.446158 -0 -0.797814 -0.602903 -0 -0.67344 -0.739242 -0 -0.44573 -0.895168 -0 -0.273587 -0.961847 -0 -0.0920039 -0.995759 1 0 0 1 0 0 1 0 0 1 0 0 1 0 0 1 0 0 1 0 0 1 0 0 1 0 0 1 0 0 1 0 0 1 0 0 1 0 0 1 0 0 1 0 0 1 0 0 1 0 0 1 0 0 1 0 0 1 0 0 1 0 0 1 0 0 1 0 0 1 0 0 1 0 0 1 0 0 1 0 0 1 0 0 1 0 0 1 0 0 1 0 0 1 0 0 1 0 0 1 0 0 1 0 0 1 0 0 1 0 0 1 0 0 1 0 0 1 0 0 1 0 0 1 0 0 1 0 0 1 0 0 1 0 0 1 0 0 1 0 0 1 0 0 1 0 0 1 0 0 1 0 0 1 0 0 1 0 0 1 0 0 1 0 0 1 0 0 1 0 0 1 0 0 1 0 0 1 0 0 1 0 0 1 0 0 1 0 0 1 0 0 1 0 0 1 0 0 1 0 0 1 0 0 -1 -0 -0 -1 -0 -0 -1 -0 -0 -1 -0 -0 -1 -0 -0 -1 -0 -0 -1 -0 -0 -1 -0 -0 -1 -0 -0 -1 -0 -0 -1 -0 -0 -1 -0 -0 -1 -0 -0 -1 -0 -0 -1 -0 -0 -1 -0 -0 -1 -0 -0 -1 -0 -0 -1 -0 -0 -1 -0 -0 -1 -0 -0 -1 -0 -0 -1 -0 -0 -1 -0 -0 -1 -0 -0 -1 -0 -0 -1 -0 -0 -1 -0 -0 -1 -0 -0 -1 -0 -0 -1 -0 -0 -1 -0 -0 -1 -0 -0 -1 -0 -0 -1 -0 -0 -1 -0 -0 -1 -0 -0 -1 -0 -0 -1 -0 -0 -1 -0 -0 -1 -0 -0 -1 -0 -0 -1 -0 -0 -1 -0 -0 -1 -0 -0 -1 -0 -0 -1 -0 -0 -1 -0 -0 -1 -0 -0 -1 -0 -0 -1 -0 -0 -1 -0 -0 -1 -0 -0 -1 -0 -0 -1 -0 -0 -1 -0 -0 -1 -0 -0 -1 -0 -0 -1 -0 -0 -1 -0 -0 -1 -0 -0 -1 -0 -0 -1 -0 -0 -1 -0 -0 -1 -0 -0 -1 -0 -0 -1 -0 -0 -1 -0 -0</float_array>
          <technique_common>
            <accessor count="276" source="#ID8" stride="3">
              <param name="X" type="float"/>
              <param name="Y" type="float"/>
              <param name="Z" type="float"/>
            </accessor>
          </technique_common>
        </source>
        <vertices id="ID9">
          <input semantic="POSITION" source="#ID5"/>
        </vertices>
        <triangles count="268" material="Material0">
          <input offset="0" semantic="VERTEX" source="#ID9"/>
          <p>0 1 2 1 3 4 3 1 0 5 4 6 3 6 4 7 8 5 5 6 7 8 9 10 9 8 7 11 10 12 9 12 10 13 14 11 11 12 13 15 16 14 15 14 13 17 16 18 16 17 14 19 20 18 17 18 20 19 21 22 22 20 19 23 21 24 21 23 22 24 25 26 23 24 26 27 28 25 27 25 24 29 30 28 28 30 25 31 32 29 29 28 31 33 34 32 33 32 31 34 35 32 2 36 0 37 36 38 2 38 36 39 40 37 37 38 39 40 41 42 41 40 39 43 42 44 41 44 42 45 46 43 43 44 45 46 47 48 47 46 45 48 49 50 47 49 48 51 52 50 48 50 52 51 53 54 54 52 51 55 53 56 53 55 54 57 58 56 55 56 58 59 57 60 59 58 57 60 61 62 57 61 60 62 63 64 60 62 64 63 65 66 65 63 62 66 67 68 65 67 66 66 68 69 70 71 72 73 74 75 76 74 77 78 79 80 81 82 83 84 85 86 87 88 86 89 90 91 92 93 94 95 96 97 98 99 100 101 102 103 104 105 106 107 108 109 101 110 111 112 113 114 109 115 112 116 117 118 117 116 114 119 120 118 116 118 120 119 121 122 122 120 119 123 124 121 121 124 122 125 123 126 123 121 126 127 125 128 127 123 125 129 128 130 125 130 128 131 129 132 129 130 132 133 129 131 115 113 112 113 117 114 108 107 111 107 109 112 101 103 110 111 110 108 102 104 106 102 106 103 105 96 95 104 96 105 98 97 99 95 97 98 90 100 91 100 99 91 94 93 89 93 90 89 134 84 92 134 92 94 85 135 86 134 85 84 87 136 88 135 87 86 80 79 136 88 136 79 81 78 82 78 80 82 83 75 137 137 81 83 74 138 75 83 73 75 76 77 70 138 74 76 71 70 139 70 77 139 140 141 142 143 144 145 146 147 148 149 150 151 152 153 148 153 154 155 156 157 158 159 148 160 161 153 158 162 156 153 153 155 160 153 152 162 158 157 163 153 156 158 158 163 164 148 159 165 148 153 160 166 147 146 148 165 146 166 167 168 167 166 146 149 168 150 167 150 168 151 169 170 151 170 149 171 140 169 171 169 151 169 140 142 172 173 141 141 173 142 172 174 175 175 173 172 174 176 175 143 176 144 174 144 176 143 145 177 178 179 177 177 145 178 179 180 181 180 179 178 182 181 183 180 183 181 183 184 185 185 182 183 185 186 187 186 185 184 188 189 190 186 188 187 191 192 193 194 191 193 195 196 197 198 199 200 201 197 196 201 198 200 200 199 202 200 203 197 197 201 200 197 204 205 197 191 195 197 206 191 206 197 205 191 194 207 206 192 191 189 194 190 194 189 207 190 187 188 208 209 210 211 212 213 213 214 215 216 217 218 213 212 219 220 221 212 222 223 224 211 213 225 211 220 212 226 222 212 227 223 222 224 228 212 229 227 222 219 212 228 230 225 213 224 212 222 230 213 215 215 231 232 214 231 215 233 217 232 232 231 233 218 234 216 233 218 217 216 235 236 235 216 234 235 208 210 210 236 235 237 238 209 237 209 208 239 238 240 237 240 238 239 241 242 241 239 240 242 241 243 244 245 243 242 243 245 246 244 247 244 246 245 247 248 249 249 246 247 248 250 249 251 252 250 251 250 248 252 253 254 250 252 254 255 253 256 252 256 253 257 258 259 255 260 261 262 263 264 257 259 265 266 267 268 269 263 262 269 267 266 267 270 268 267 262 271 262 267 269 262 272 273 262 264 257 262 257 274 274 272 262 257 275 258 274 257 265 261 260 258 258 275 261 260 255 256</p>
        </triangles>
      </mesh>
    </geometry>
    <geometry id="ID13">
      <mesh>
        <source id="ID14">
